with: 0.28858812326343114
without: 0.38081088735935237
saved: 0.09222276409592123
percentage saved: 24.21747044456089