with: 0.6690076870334264
without: 0.6914443180810829
saved: 0.022436631047656475
percentage saved: 3.24489340080533