with: 0.2622365495363453
without: 0.2518946362484904
saved: -0.010341913287854887
percentage saved: -4.10565045841339