with: 0.2521581325247873
without: 0.2518946362484904
saved: -0.000263496276296904
percentage saved: -0.10460575112721682