with: 0.3113824328304675
without: 0.38081088735935237
saved: 0.06942845452888485
percentage saved: 18.231740959488025